Title :  PageRank
    web_site  pagerank
0        144  0.036041
1        545  0.030450
2        933  0.028463
3        838  0.019343
4        600  0.014146
5        476  0.012970
6        238  0.006895
7        328  0.006749
8        164  0.006516
9        767  0.006516
10       128  0.006452
11       851  0.006452
12       287  0.005923
13       319  0.005649
14       917  0.004446
15       740  0.004272
16       801  0.004102
17       653  0.003795
18       518  0.003758
19       670  0.003702
20        90  0.003698
21       720  0.003681
22       921  0.003554
23       337  0.003357
24        81  0.003333
25       766  0.003190
26        53  0.003123
27       843  0.003007
28       807  0.003005
29       870  0.002974
30       221  0.002960
31        14  0.002943
32       624  0.002934
33       753  0.002902
34        73  0.002804
35       867  0.002663
36       472  0.002655
37       780  0.002639
38        34  0.002606
39       251  0.002559
40       124  0.002525
41        40  0.002522
42       837  0.002515
43       677  0.002504
44       351  0.002425
45       369  0.002416
46       273  0.002413
47       486  0.002398
48       157  0.002384
49       840  0.002319
50       976  0.002306
51       512  0.002293
52       450  0.002291
53       606  0.002279
54       122  0.002262
55       928  0.002257
56       751  0.002242
57       709  0.002238
58        50  0.002224
59       964  0.002215
60       763  0.002194
61       280  0.002125
62       821  0.002121
63       770  0.002118
64       594  0.002090
65       310  0.002080
66       488  0.002055
67       168  0.002027
68       147  0.002021
69       672  0.002015
70       604  0.002012
71       466  0.002010
72       834  0.002003
73       872  0.001985
74       259  0.001984
75       626  0.001977
76       341  0.001974
77       543  0.001963
78        59  0.001945
79       669  0.001941
80       424  0.001932
81       398  0.001901
82       546  0.001891
83       877  0.001866
84       380  0.001845
85       660  0.001843
86        38  0.001834
87       378  0.001813
88         3  0.001813
89       640  0.001809
90       391  0.001801
91       949  0.001731
92       181  0.001722
93       804  0.001720
94       241  0.001678
95       955  0.001677
96       433  0.001669
97       573  0.001663
98       747  0.001663
99       752  0.001663
100      370  0.001663
101      215  0.001663
102       72  0.001663
103      142  0.001663
104      112  0.001663
105      354  0.001654
106      894  0.001632
107       52  0.001626
108      266  0.001591
109      135  0.001588
110      986  0.001585
111      956  0.001553
112      954  0.001537
113      350  0.001537
114      508  0.001532
115      172  0.001530
116      738  0.001502
117      847  0.001502
118      474  0.001497
119      399  0.001497
120      887  0.001497
121      731  0.001497
122       68  0.001497
123      390  0.001497
124      517  0.001497
125      291  0.001497
126      552  0.001497
127      491  0.001497
128      835  0.001497
129      562  0.001497
130      189  0.001497
131      480  0.001497
132      325  0.001497
133      849  0.001497
134      987  0.001497
135      334  0.001497
136      682  0.001497
137      909  0.001497
138      745  0.001480
139      504  0.001474
140        2  0.001448
141      637  0.001448
142      213  0.001443
143      522  0.001437
144      220  0.001415
145      704  0.001406
146      875  0.001401
147      282  0.001375
148      768  0.001374
149      957  0.001374
150      790  0.001374
151      769  0.001374
152      188  0.001374
153      675  0.001374
154      267  0.001374
155      667  0.001374
156      622  0.001374
157      601  0.001374
158      555  0.001359
159      322  0.001335
160      169  0.001335
161      114  0.001335
162       16  0.001323
163      980  0.001323
164      876  0.001315
165      836  0.001313
166      507  0.001307
167      442  0.001289
168      719  0.001283
169      613  0.001264
170      830  0.001264
171      879  0.001264
172      683  0.001264
173      712  0.001263
174      966  0.001245
175      402  0.001227
176      180  0.001222
177      106  0.001219
178      133  0.001214
179      991  0.001208
180      732  0.001206
181      420  0.001206
182      663  0.001203
183      776  0.001201
184      889  0.001190
185      901  0.001186
186      347  0.001152
187      896  0.001145
188      681  0.001135
189      306  0.001120
190       58  0.001118
191      232  0.001112
192      953  0.001111
193      348  0.001091
194      296  0.001088
195      167  0.001088
196      728  0.001088
197      646  0.001061
198      983  0.001060
199      614  0.001059
200      456  0.001058
201      494  0.001042
202      362  0.001039
203       78  0.001038
204       28  0.001032
205      130  0.001028
206      993  0.001017
207       99  0.001012
208      691  0.001012
209      444  0.001012
210      678  0.001012
211      570  0.001012
212      862  0.001000
213      392  0.000995
214      868  0.000985
215      209  0.000983
216      302  0.000973
217      557  0.000969
218       85  0.000967
219      930  0.000967
220      408  0.000967
221      284  0.000967
222      795  0.000967
223       54  0.000967
224      178  0.000967
225      468  0.000967
226      464  0.000967
227      190  0.000964
228       79  0.000958
229      811  0.000958
230      539  0.000958
231      564  0.000958
232      150  0.000958
233      197  0.000958
234      279  0.000956
235      803  0.000952
236      175  0.000946
237      469  0.000945
238      103  0.000941
239      729  0.000936
240      204  0.000935
241      478  0.000932
242      864  0.000930
243      356  0.000928
244      816  0.000927
245       44  0.000925
246      542  0.000919
247      352  0.000919
248      632  0.000919
249      372  0.000915
250      308  0.000915
251      387  0.000911
252       43  0.000907
253       21  0.000903
254      376  0.000902
255      379  0.000899
256      307  0.000898
257        8  0.000898
258      225  0.000898
259      650  0.000896
260      141  0.000895
261      526  0.000894
262      403  0.000894
263      910  0.000894
264      912  0.000894
265      300  0.000894
266      693  0.000893
267      815  0.000889
268      798  0.000888
269      702  0.000887
270       48  0.000887
271      934  0.000887
272      947  0.000887
273      979  0.000887
274      550  0.000887
275      595  0.000887
276      948  0.000887
277      696  0.000887
278      589  0.000887
279      665  0.000887
280      214  0.000885
281      711  0.000885
282      333  0.000885
283       29  0.000884
284      997  0.000880
285      123  0.000879
286      394  0.000879
287      888  0.000879
288      375  0.000879
289      427  0.000879
290      754  0.000875
291      311  0.000875
292      701  0.000872
293      577  0.000870
294      340  0.000869
295       66  0.000869
296      443  0.000869
297      413  0.000868
298      435  0.000868
299      515  0.000867
300       84  0.000864
301      609  0.000864
302        4  0.000864
303      735  0.000863
304      962  0.000861
305      396  0.000861
306      621  0.000857
307        5  0.000857
308      463  0.000857
309      615  0.000855
310      787  0.000853
311      438  0.000851
312      490  0.000850
313      554  0.000841
314      591  0.000834
315      198  0.000832
316      714  0.000831
317      258  0.000831
318      582  0.000828
319      206  0.000827
320      156  0.000827
321      723  0.000827
322      703  0.000827
323      414  0.000827
324       67  0.000823
325      294  0.000823
326      944  0.000817
327       35  0.000808
328      110  0.000806
329      454  0.000806
330      610  0.000806
331       42  0.000798
332      145  0.000798
333      509  0.000783
334      440  0.000783
335      162  0.000782
336      907  0.000777
337      492  0.000771
338       24  0.000769
339      823  0.000769
340      482  0.000757
341      739  0.000757
342      914  0.000753
343      628  0.000743
344      580  0.000743
345      182  0.000742
346      318  0.000742
347      992  0.000741
348      139  0.000734
349      265  0.000734
350      234  0.000725
351      620  0.000722
352      673  0.000722
353      634  0.000722
354      611  0.000722
355      639  0.000722
356      619  0.000722
357      689  0.000722
358        1  0.000722
359      779  0.000722
360      718  0.000722
361       95  0.000722
362      759  0.000722
363       93  0.000722
364      757  0.000722
365       46  0.000722
366      812  0.000722
367      138  0.000722
368      748  0.000722
369       17  0.000722
370      774  0.000722
371       87  0.000722
372      825  0.000722
373      791  0.000722
374      805  0.000722
375      721  0.000722
376       11  0.000722
377       75  0.000722
378      846  0.000722
379      705  0.000722
380      781  0.000722
381      786  0.000722
382      706  0.000722
383       64  0.000722
384      708  0.000722
385        9  0.000722
386       32  0.000722
387      716  0.000722
388      839  0.000722
389       62  0.000722
390      239  0.000722
391      418  0.000722
392      567  0.000722
393      893  0.000722
394      973  0.000722
395      231  0.000722
396      425  0.000722
397      530  0.000722
398      544  0.000722
399      529  0.000722
400      429  0.000722
401      892  0.000722
402      431  0.000722
403      432  0.000722
404      473  0.000722
405      248  0.000722
406      211  0.000722
407      881  0.000722
408      205  0.000722
409      873  0.000722
410      958  0.000722
411      863  0.000722
412      436  0.000722
413      598  0.000722
414      951  0.000722
415      274  0.000722
416      358  0.000722
417      943  0.000722
418      932  0.000722
419      506  0.000722
420      321  0.000722
421      929  0.000722
422      381  0.000722
423      297  0.000722
424      950  0.000722
425      926  0.000722
426      388  0.000722
427      485  0.000722
428      278  0.000722
429      586  0.000722
430      397  0.000722
431      916  0.000722
432      410  0.000722
433      906  0.000722
434      253  0.000722
435      985  0.000722
436      174  0.000722
437      458  0.000722
438      268  0.000722
439      493  0.000722
440      269  0.000722
441      270  0.000722
442      271  0.000722
443      908  0.000721
444      999  0.000719
445      860  0.000710
446      883  0.000709
447      511  0.000709
448      922  0.000709
449      131  0.000708
450       70  0.000708
451      227  0.000708
452      382  0.000708
453      760  0.000708
454      687  0.000707
455      871  0.000702
456      327  0.000690
457      859  0.000690
458       20  0.000689
459      599  0.000677
460      479  0.000677
461      571  0.000676
462      423  0.000676
463      409  0.000675
464      895  0.000670
465      252  0.000670
466      616  0.000668
467      592  0.000667
468      193  0.000667
469      290  0.000667
470      404  0.000662
471      455  0.000662
472      233  0.000654
473      772  0.000652
474      749  0.000646
475      975  0.000646
476      285  0.000646
477      822  0.000646
478      155  0.000646
479      525  0.000643
480      630  0.000643
481      393  0.000642
482      631  0.000642
483      850  0.000642
484      797  0.000642
485      514  0.000641
486      810  0.000641
487      891  0.000641
488      911  0.000639
489      519  0.000639
490      137  0.000636
491      186  0.000636
492      451  0.000631
493        7  0.000631
494      882  0.000631
495      854  0.000631
496      120  0.000631
497      129  0.000631
498       97  0.000629
499      700  0.000626
500      707  0.000626
501      852  0.000622
502      925  0.000619
503      538  0.000619
504      326  0.000619
505      434  0.000619
506      967  0.000619
507      149  0.000619
508      578  0.000619
509      553  0.000614
510      534  0.000614
511      559  0.000614
512      547  0.000614
513      359  0.000614
514      635  0.000614
515      415  0.000614
516      686  0.000614
517      684  0.000614
518      335  0.000614
519      332  0.000614
520      717  0.000614
521      724  0.000614
522      674  0.000614
523      292  0.000614
524      666  0.000614
525      263  0.000614
526      773  0.000614
527      659  0.000614
528      183  0.000614
529      428  0.000614
530      439  0.000614
531      194  0.000614
532      625  0.000614
533      692  0.000614
534      117  0.000614
535      116  0.000614
536      590  0.000614
537      585  0.000614
538       83  0.000614
539      940  0.000614
540      866  0.000614
541      897  0.000614
542      918  0.000614
543      946  0.000614
544     1000  0.000614
545      685  0.000614
546      262  0.000612
547      746  0.000612
548      250  0.000612
549      535  0.000612
550      521  0.000612
551      698  0.000612
552       30  0.000612
553       86  0.000611
554      338  0.000611
555      671  0.000597
556      880  0.000597
557      448  0.000595
558      568  0.000595
559      312  0.000595
560      224  0.000594
561      158  0.000593
562       89  0.000593
563      989  0.000593
564      915  0.000587
565      727  0.000584
566      758  0.000583
567      974  0.000583
568      874  0.000580
569        6  0.000580
570      146  0.000580
571      982  0.000580
572       27  0.000580
573       45  0.000580
574      937  0.000580
575      942  0.000580
576       61  0.000580
577       31  0.000580
578      314  0.000580
579      324  0.000580
580      764  0.000580
581      652  0.000580
582      654  0.000580
583      345  0.000580
584      501  0.000580
585      411  0.000580
586      527  0.000580
587      102  0.000580
588      349  0.000576
589      952  0.000573
590      283  0.000573
591      602  0.000573
592       15  0.000571
593       91  0.000569
594      695  0.000569
595      461  0.000569
596      885  0.000569
597      931  0.000569
598      722  0.000567
599      230  0.000567
600      109  0.000565
601      484  0.000565
602      301  0.000564
603      563  0.000564
604      207  0.000562
605      558  0.000561
606      565  0.000561
607      938  0.000561
608      575  0.000561
609      111  0.000559
610      833  0.000559
611      460  0.000559
612      778  0.000559
613      972  0.000557
614      203  0.000554
615      902  0.000554
616      161  0.000554
617      510  0.000554
618      984  0.000554
619      694  0.000554
620       96  0.000554
621      383  0.000554
622      177  0.000544
623      861  0.000544
624      715  0.000542
625      765  0.000540
626      331  0.000540
627      421  0.000540
628      941  0.000540
629      848  0.000540
630      818  0.000540
631      970  0.000535
632      886  0.000535
633      645  0.000535
634      796  0.000530
635      121  0.000526
636      336  0.000526
637      217  0.000526
638      561  0.000526
639      865  0.000526
640      581  0.000526
641      733  0.000526
642      756  0.000526
643      286  0.000526
644      320  0.000526
645      344  0.000526
646      323  0.000522
647      536  0.000520
648      412  0.000520
649      355  0.000520
650      366  0.000520
651      785  0.000520
652      853  0.000520
653      629  0.000520
654      100  0.000517
655      688  0.000517
656      788  0.000517
657      163  0.000517
658      199  0.000517
659      831  0.000517
660      441  0.000517
661      246  0.000517
662      452  0.000516
663      697  0.000516
664      905  0.000515
665      165  0.000514
666      462  0.000513
667      125  0.000511
668      603  0.000511
669      255  0.000510
670       98  0.000510
671      489  0.000510
672      617  0.000510
673      841  0.000510
674      373  0.000510
675      305  0.000510
676      243  0.000510
677       94  0.000510
678      576  0.000510
679       76  0.000509
680      532  0.000509
681       12  0.000507
682      643  0.000505
683      826  0.000505
684      495  0.000505
685      802  0.000503
686      244  0.000503
687      108  0.000500
688      446  0.000500
689       77  0.000500
690      196  0.000500
691      118  0.000500
692      210  0.000500
693      249  0.000500
694      453  0.000500
695      377  0.000500
696      644  0.000500
697      920  0.000500
698      661  0.000500
699      809  0.000500
700      899  0.000497
701      242  0.000497
702      927  0.000497
703       26  0.000497
704       63  0.000495
705      499  0.000495
706      806  0.000495
707      467  0.000495
708      363  0.000495
709      367  0.000495
710      360  0.000495
711      961  0.000495
712      572  0.000491
713      680  0.000491
714      389  0.000489
715      636  0.000489
716      513  0.000489
717      828  0.000489
718      303  0.000489
719      566  0.000489
720       47  0.000489
721       37  0.000489
722      281  0.000489
723      228  0.000489
724      457  0.000489
725      503  0.000489
726      524  0.000489
727      556  0.000489
728       23  0.000489
729      713  0.000489
730      470  0.000489
731      658  0.000488
732       71  0.000488
733      642  0.000488
734      105  0.000488
735      289  0.000488
736      437  0.000488
737       18  0.000487
738      483  0.000487
739      960  0.000487
740      500  0.000487
741      502  0.000487
742      824  0.000487
743      143  0.000484
744      184  0.000484
745      115  0.000484
746      179  0.000484
747      528  0.000484
748      192  0.000484
749      869  0.000484
750      878  0.000484
751       49  0.000474
752      584  0.000474
753      134  0.000474
754       51  0.000474
755      856  0.000469
756      560  0.000465
757      223  0.000465
758      596  0.000461
759      277  0.000461
760      971  0.000457
761      364  0.000457
762      400  0.000457
763      699  0.000457
764      126  0.000457
765      329  0.000457
766      736  0.000457
767       10  0.000457
768      170  0.000451
769      293  0.000451
770      153  0.000451
771      346  0.000451
772      574  0.000451
773      913  0.000448
774      829  0.000448
775      276  0.000441
776      710  0.000441
777      593  0.000438
778      176  0.000438
779      471  0.000438
780      657  0.000437
781      761  0.000437
782      623  0.000437
783      583  0.000430
784      477  0.000430
785      219  0.000430
786      819  0.000430
787      465  0.000430
788      256  0.000430
789      261  0.000430
790      655  0.000430
791      750  0.000430
792      299  0.000430
793      288  0.000430
794      419  0.000430
795       57  0.000430
796      784  0.000430
797      676  0.000430
798       25  0.000430
799      374  0.000430
800      343  0.000430
801      447  0.000430
802      662  0.000430
803      127  0.000428
804      608  0.000428
805      898  0.000428
806      995  0.000428
807      664  0.000428
808      998  0.000424
809      537  0.000424
810      965  0.000418
811      903  0.000418
812      185  0.000416
813      353  0.000416
814      313  0.000416
815      304  0.000415
816      140  0.000415
817      195  0.000411
818      844  0.000409
819       56  0.000407
820      247  0.000407
821      794  0.000405
822      264  0.000405
823      820  0.000405
824      690  0.000405
825      963  0.000405
826       60  0.000405
827      516  0.000402
828      919  0.000402
829      977  0.000401
830      994  0.000401
831      295  0.000401
832      793  0.000401
833      842  0.000401
834      551  0.000401
835      884  0.000401
836      817  0.000401
837      416  0.000401
838      101  0.000401
839      814  0.000401
840      481  0.000401
841      222  0.000401
842      386  0.000400
843      385  0.000398
844       82  0.000396
845      520  0.000395
846      166  0.000394
847      945  0.000394
848      612  0.000390
849      627  0.000390
850      136  0.000387
851      236  0.000383
852      656  0.000380
853      668  0.000380
854      357  0.000379
855       13  0.000378
856      605  0.000378
857      384  0.000378
858      154  0.000378
859      647  0.000378
860      618  0.000378
861      726  0.000378
862      316  0.000378
863      939  0.000378
864      935  0.000378
865      496  0.000375
866      257  0.000370
867      191  0.000369
868       19  0.000368
869      981  0.000368
870      597  0.000368
871      923  0.000368
872       55  0.000367
873      541  0.000367
874      235  0.000367
875      799  0.000367
876      755  0.000367
877      548  0.000362
878      743  0.000362
879      272  0.000362
880      959  0.000362
881      783  0.000362
882      171  0.000362
883      777  0.000362
884       36  0.000362
885      160  0.000358
886      498  0.000358
887      371  0.000357
888      104  0.000357
889      540  0.000357
890      900  0.000357
891      827  0.000357
892      651  0.000357
893      792  0.000357
894      588  0.000357
895      202  0.000354
896      361  0.000350
897      151  0.000350
898      449  0.000347
899      237  0.000347
900      107  0.000347
901      988  0.000344
902      422  0.000344
903      298  0.000344
904      742  0.000344
905      641  0.000344
906      648  0.000344
907      309  0.000328
908      832  0.000328
909      775  0.000328
910      487  0.000328
911      395  0.000328
912      368  0.000328
913      855  0.000327
914       65  0.000322
915      771  0.000320
916      407  0.000315
917      187  0.000312
918      638  0.000312
919      315  0.000312
920      426  0.000306
921       39  0.000304
922      741  0.000299
923      119  0.000299
924       41  0.000299
925      148  0.000299
926      212  0.000291
927      405  0.000289
928      725  0.000288
929      216  0.000288
930      579  0.000288
931      800  0.000285
932      924  0.000284
933       80  0.000284
934      317  0.000284
935      734  0.000278
936      789  0.000278
937      430  0.000273
938      260  0.000262
939      330  0.000240
940      858  0.000226
941      417  0.000226
942      649  0.000226
943      569  0.000226
944      808  0.000226
945      339  0.000226
946      505  0.000226
947      229  0.000226
948      240  0.000226
949      730  0.000223
950      533  0.000223
951      531  0.000223
952      201  0.000223
953      497  0.000223
954      200  0.000223
955       22  0.000223
956      342  0.000223
957      633  0.000223
958      406  0.000223
959      132  0.000223
960      990  0.000223
961      401  0.000223
962      365  0.000223
963      475  0.000223
964      857  0.000223
965      996  0.000223
966      679  0.000223
967      113  0.000223
968      159  0.000223
969      969  0.000223
970      782  0.000223
971       88  0.000223
972      254  0.000223
973      523  0.000223
974      936  0.000223
975      152  0.000223
976      744  0.000223
977       92  0.000223
978      226  0.000223
979      737  0.000223
980      275  0.000223
981       69  0.000223
982      813  0.000223
983      218  0.000223
984      762  0.000223
985      904  0.000223
986       33  0.000223
987      445  0.000223
988      549  0.000220
989      245  0.000220
990      587  0.000220
991       74  0.000220
992      845  0.000215
993      890  0.000209
994      968  0.000209
995      978  0.000209
996      208  0.000209
997      173  0.000202
998      607  0.000187
999      459  0.000180
