       code  ratio  ratio_price
0    344050   1.01         0.99
1    049830   1.02         0.99
2    273060   1.03         0.99
3    080010   1.03         0.99
4    007110   1.03         0.99
5    005990   1.03         0.99
6    006570   1.03         0.99
7    334890   1.04         0.99
8    086220   1.04         0.98
9    006980   1.04         0.99
10   035600   1.04         0.99
11   002360   1.04         0.99
12   267980   1.04         0.99
13   001200   1.04         0.99
14   054050   1.04         0.99
15   072020   1.04         0.98
16   092130   1.04         0.98
17   071840   1.04         0.98
18   280360   1.04         0.99
19   024110   1.04         0.99
20   028100   1.04         0.98
21   001420   1.04         0.99
22   052330   1.04         0.99
23   039560   1.04         0.98
24   054410   1.04         0.98
25   181710   1.04         0.99
26   357250   1.04         0.99
27   079650   1.04         0.99
28   215000   1.04         0.99
29   268280   1.04         0.99
30   037760   1.04         0.97
31   000970   1.04         0.99
32   001740   1.04         0.99
33   016710   1.04         0.99
34   126560   1.04         0.99
35   001750   1.05         0.98
36   024900   1.05         0.99
37   177350   1.05         0.98
38   024950   1.05         0.98
39   065450   1.05         0.97
40   005870   1.05         0.99
41   038870   1.05         0.99
42   014440   1.05         0.99
43   036480   1.05         0.99
44   005710   1.05         0.98
45   317850   1.05         0.99
46   317320   1.05         0.99
47   045390   1.05         0.99
48   139130   1.05         0.99
49   002880   1.05         0.99
50   068400   1.05         0.99
51   003540   1.05         0.98
52   128820   1.05         0.99
53   073240   1.05         0.98
54   016740   1.05         0.99
55   099750   1.05         0.99
56   101060   1.05         0.99
57   030610   1.05         0.97
58   092300   1.05         0.98
59   173940   1.05         0.99
60   131180   1.05         0.99
61   034310   1.05         0.98
62   038950   1.05         0.99
63   092440   1.05         0.99
64   002920   1.05         0.99
65   139480   1.05         0.99
66   007700   1.05         0.99
67   004990   1.05         0.99
68   338100   1.05         0.99
69   316140   1.05         0.99
70   124500   1.05         0.99
71   005860   1.05         0.98
72   115390   1.05         0.99
73   072950   1.05         0.98
74   003680   1.05         0.99
75   034940   1.05         0.99
76   094940   1.05         0.99
77   045060   1.06         0.99
78   053580   1.06         0.98
79   024120   1.06         0.98
80   327610   1.06         0.98
81   016790   1.06         0.97
82   169330   1.06         0.99
83   036120   1.06         0.98
84   053050   1.06         0.97
85   201490   1.06         0.99
86   035720   1.06         0.98
87   126880   1.06         0.99
88   023530   1.06         0.98
89   214680   1.06         0.97
90   093520   1.06         0.99
91   035420   1.06         0.99
92   065710   1.06         0.99
93   084180   1.06         0.98
94   241710   1.06         0.98
95   220180   1.06         0.99
96   058970   1.06         0.96
97   043220   1.06         0.98
98   255220   1.06         0.99
99   115960   1.06         0.98
100  004440   1.06         0.99
101  228340   1.06         0.97
102  004310   1.06         0.99
103  071200   1.06         0.98
104  033340   1.06         0.97
105  251270   1.06         0.98
106  002700   1.06         0.99
107  003010   1.06         0.97
108  307180   1.06         0.97
109  018250   1.06         0.99
110  204210   1.06         0.98
111  293940   1.06         0.99
112  080000   1.06         0.98
113  035460   1.06         0.96
114  071670   1.06         0.99
115  043150   1.06         0.99
116  347740   1.07         0.98
117  054300   1.07         0.96
118  011390   1.07         0.99
119  013700   1.07         0.99
120  130580   1.07         0.98
121  204270   1.07         0.98
122  000430   1.07         0.99
123  001340   1.07         0.97
124  062860   1.07         0.97
125  120030   1.07         0.98
126  022220   1.07         0.99
127  052400   1.07         0.97
128  270520   1.07         0.99
129  084680   1.07         0.98
130  081150   1.07         0.98
131  078140   1.07         0.98
132  035250   1.07         0.99
133  311690   1.07         0.97
134  033530   1.07         0.99
135  002720   1.07         0.98
136  007370   1.07         0.98
137  039340   1.07         0.98
138  003800   1.07         0.98
139  126600   1.07         0.98
140  038290   1.07         0.99
141  087260   1.07         0.98
142  006060   1.07         0.97
143  214150   1.07         0.99
144  015590   1.07         0.98
145  001720   1.07         0.99
146  036710   1.07         0.98
147  021650   1.07         0.98
148  041510   1.07         0.97
149  119850   1.07         0.99
150  069960   1.07         0.98
151  009970   1.07         0.99
152  093640   1.07         0.98
153  104200   1.07         0.97
154  011300   1.07         0.98
155  001460   1.07         0.99
156  009450   1.07         0.99
157  053270   1.07         0.97
158  019590   1.07         0.99
159  041830   1.07         0.99
160  030960   1.07         0.98
161  002100   1.07         0.98
162  005610   1.07         0.98
163  050860   1.07         0.99
164  065690   1.07         0.99
165  012610   1.07         0.98
166  163560   1.07         0.99
167  274090   1.07         0.97
168  042660   1.07         0.98
169  095910   1.07         0.99
170  100590   1.07         0.98
171  003470   1.07         0.96
172  025980   1.07         0.98
173  011370   1.08         0.98
174  187790   1.08         0.97
175  082920   1.08         0.96
176  016100   1.08         0.97
177  064260   1.08         0.98
178  017250   1.08         0.95
179  332370   1.08         0.99
180  007660   1.08         0.97
181  095190   1.08         0.99
182  136510   1.08         0.97
183  068240   1.08         0.97
184  293490   1.08         0.96
185  005390   1.08         0.98
186  001140   1.08         0.99
187  000910   1.08         0.98
188  064240   1.08         0.97
189  008970   1.08         0.99
190  016600   1.08         0.97
191  035080   1.08         0.98
192  054040   1.08         0.98
193  145720   1.08         0.98
194  063570   1.08         0.97
195  133820   1.08         0.96
196  039290   1.08         0.98
197  059210   1.08         0.99
198  096350   1.08         0.97
199  091970   1.08         0.99
200  014620   1.08         0.99
201  031510   1.08         0.98
202  004770   1.08         0.98
203  003230   1.08         0.99
204  011170   1.08         0.95
205  009520   1.08         0.99
206  105560   1.08         0.96
207  012690   1.08         0.99
208  025560   1.08         0.98
209  190510   1.08         0.99
210  203650   1.08         0.96
211  305090   1.08         0.98
212  006910   1.08         0.97
213  053110   1.08         0.97
214  208370   1.08         0.97
215  337930   1.08         0.97
216  250060   1.08         0.98
217  164060   1.08         0.99
218  055550   1.08         0.98
219  014910   1.08         0.97
220  047770   1.08         0.97
221  196700   1.08         0.98
222  045970   1.08         0.97
223  011930   1.08         0.98
224  058730   1.08         0.97
225  066430   1.08         0.96
226  004920   1.08         0.99
227  003100   1.08         0.98
228  320000   1.08         0.99
229  006040   1.08         0.99
230  062970   1.08         0.97
231  060980   1.08         0.99
232  025890   1.08         0.98
233  011700   1.08         0.96
234  140410   1.08         0.99
235  298050   1.08         0.99
236  317870   1.09         0.97
237  047080   1.09         0.97
238  097870   1.09         0.98
239  053700   1.09         0.98
240  009320   1.09         0.98
241  225530   1.09         0.99
242  037070   1.09         0.99
243  028050   1.09         0.96
244  215200   1.09         0.97
245  079810   1.09         0.97
246  091440   1.09         0.97
247  006800   1.09         0.97
248  123570   1.09         0.95
249  263800   1.09         0.97
250  005160   1.09         0.98
251  290380   1.09         0.98
252  214270   1.09         0.95
253  049120   1.09         0.97
254  000240   1.09         0.97
255  018680   1.09         0.99
256  014990   1.09         0.97
257  153360   1.09         0.99
258  250930   1.09         0.99
259  153490   1.09         0.99
260  097800   1.09         0.98
261  004060   1.09         0.99
262  097780   1.09         0.96
263  086890   1.09         0.98
264  003530   1.09         0.97
265  086280   1.09         0.98
266  093050   1.09         0.98
267  039840   1.09         0.96
268  060230   1.09         0.95
269  002900   1.09         0.97
270  032350   1.09         0.97
271  356860   1.09         0.97
272  155900   1.09         0.97
273  043200   1.09         0.98
274  054780   1.09         0.96
275  208350   1.09         0.99
276  003780   1.09         0.98
277  096240   1.09         0.98
278  071050   1.09         0.98
279  025750   1.09         0.99
280  086060   1.09         0.97
281  900340   1.09         0.99
282  021050   1.09         0.97
283  035150   1.09         0.96
284  122640   1.09         0.96
285  019680   1.09         0.98
286  045510   1.09         0.97
287  214420   1.09         0.97
288  238490   1.10         0.98
289  003030   1.10         0.97
290  025860   1.10         0.98
291  161000   1.10         0.98
292  054950   1.10         0.98
293  018000   1.10         0.98
294  218150   1.10         0.98
295  000140   1.10         0.99
296  094480   1.10         0.98
297  123410   1.10         0.97
298  151910   1.10         0.98
299  018880   1.10         0.98
300  001000   1.10         0.95
301  027830   1.10         0.99
302  040610   1.10         0.97
303  033500   1.10         0.98
304  001780   1.10         0.97
305  115450   1.10         0.98
306  246250   1.10         0.99
307  135160   1.10         0.96
308  064960   1.10         0.98
309  046440   1.10         0.99
310  006050   1.10         0.96
311  005430   1.10         0.97
312  054670   1.10         0.96
313  047560   1.10         0.95
314  194700   1.10         0.99
315  352770   1.10         0.98
316  237820   1.10         0.97
317  069140   1.10         0.98
318  003350   1.10         0.97
319  313760   1.10         0.97
320  264850   1.10         0.96
321  052670   1.10         0.98
322  009300   1.10         0.96
323  093380   1.10         0.96
324  078070   1.10         0.95
325  066900   1.10         0.95
326  177830   1.10         0.98
327  051360   1.10         0.98
328  084370   1.10         0.99
329  251280   1.10         0.98
330  013310   1.10         0.96
331  048550   1.10         0.95
332  009830   1.10         0.98
333  222420   1.10         0.99
334  065060   1.10         0.95
335  096610   1.10         0.96
336  051380   1.10         0.95
337  078520   1.10         0.98
338  087010   1.10         0.98
339  018620   1.10         0.98
340  002290   1.11         0.96
341  065170   1.11         0.95
342  051780   1.11         0.99
343  114120   1.11         0.96
344  044380   1.11         0.99
345  026940   1.11         0.97
346  070960   1.11         0.98
347  025620   1.11         0.99
348  004000   1.11         0.98
349  163430   1.11         0.97
350  208860   1.11         0.97
351  000300   1.11         0.97
352  002410   1.11         0.97
353  040300   1.11         0.98
354  046210   1.11         0.99
355  238120   1.11         0.96
356  200230   1.11         0.97
357  088260   1.11         0.97
358  023800   1.11         0.99
359  053590   1.11         0.96
360  089850   1.11         0.99
361  064510   1.11         0.99
362  060240   1.11         0.95
363  013000   1.11         0.96
364  049480   1.11         0.96
365  215570   1.11         0.99
366  007280   1.11         0.98
367  172580   1.11         0.99
368  061040   1.11         0.95
369  019540   1.11         0.99
370  013890   1.11         0.97
371  036620   1.11         0.95
372  060370   1.11         0.99
373  086980   1.11         0.99
374  203400   1.11         0.96
375  072870   1.11         0.98
376  002780   1.11         0.99
377  267790   1.11         0.99
378  111710   1.11         0.99
379  080220   1.11         0.99
380  041930   1.11         0.97
381  042510   1.11         0.95
382  011000   1.11         0.96
383  235980   1.11         0.97
384  142280   1.11         0.96
385  092600   1.11         0.96
386  067080   1.11         0.97
387  225330   1.11         0.98
388  057540   1.12         0.98
389  067770   1.12         0.97
390  009680   1.12         0.99
391  001550   1.12         0.97
392  121440   1.12         0.96
393  241590   1.12         0.98
394  214260   1.12         0.95
395  122870   1.12         0.99
396  079170   1.12         0.98
397  003240   1.12         0.96
398  000950   1.12         0.98
399  099440   1.12         0.99
400  032300   1.12         0.97
401  123690   1.12         0.97
402  050120   1.12         0.99
403  081000   1.12         0.99
404  207940   1.12         0.99
405  045300   1.12         0.99
406  060280   1.12         0.98
407  008700   1.12         0.95
408  284620   1.12         0.99
409  189330   1.12         0.98
410  288490   1.12         0.99
411  002760   1.12         0.96
412  118990   1.12         0.96
413  010280   1.12         0.98
414  005360   1.12         0.97
415  215090   1.12         0.96
416  005800   1.12         0.99
417  101170   1.12         0.97
418  013870   1.12         0.96
419  002320   1.12         0.98
420  104620   1.12         0.96
421  068290   1.12         0.96
422  091590   1.12         0.99
423  038390   1.12         0.95
424  144960   1.12         0.99
425  300080   1.12         0.98
426  034230   1.12         0.99
427  086080   1.12         0.97
428  047310   1.12         0.99
429  023590   1.12         0.99
430  025540   1.12         0.96
431  006490   1.12         0.96
432  108380   1.12         0.98
433  006120   1.12         0.99
434  024740   1.13         0.97
435  210980   1.13         0.99
436  050760   1.13         0.97
437  239340   1.13         0.96
438  092780   1.13         0.98
439  001620   1.13         0.97
440  002990   1.13         0.98
441  263810   1.13         0.99
442  018700   1.13         0.98
443  347770   1.13         0.98
444  059090   1.13         0.98
445  089150   1.13         0.96
446  032580   1.13         0.95
447  042040   1.13         0.95
448  104040   1.13         0.95
449  004270   1.13         0.95
450  027050   1.13         0.97
451  005880   1.13         0.99
452  298540   1.13         0.97
453  341310   1.13         0.99
454  217480   1.13         0.95
455  001290   1.13         0.97
456  093320   1.13         0.99
457  002030   1.13         0.99
458  067570   1.13         0.99
459  289010   1.13         0.97
460  137940   1.13         0.97
461  073570   1.13         0.96
462  033320   1.13         0.97
463  332570   1.13         0.99
464  060480   1.13         0.99
465  053610   1.13         0.96
466  017000   1.13         0.95
467  353490   1.13         0.97
468  018470   1.13         0.99
469  101000   1.13         0.98
470  096630   1.13         0.95
471  065950   1.14         0.96
472  014200   1.14         0.97
473  048830   1.14         0.99
474  016920   1.14         0.95
475  158430   1.14         0.96
476  002630   1.14         0.97
477  114630   1.14         0.97
478  030350   1.14         0.95
479  067730   1.14         0.98
480  253590   1.14         0.96
481  051490   1.14         0.98
482  053980   1.14         0.98
483  082270   1.14         0.97
484  297570   1.14         0.97
485  004080   1.14         0.96
486  117670   1.14         0.99
487  170030   1.14         0.99
488  182360   1.14         0.97
489  111870   1.14         0.95
490  123840   1.14         0.97
491  052600   1.15         0.95
492  019570   1.15         0.95
493  042670   1.15         0.98
494  317120   1.15         0.96
495  253840   1.15         0.96
496  143160   1.15         0.99
497  021080   1.15         0.99
498  068940   1.15         0.99
499  038500   1.15         0.98
500  080720   1.15         0.97
501  071970   1.15         0.95
502  241560   1.15         0.99
503  031820   1.15         0.97
504  204620   1.15         0.98
505  306620   1.15         0.96
506  072770   1.15         0.99
507  003070   1.15         0.98
508  038530   1.15         0.95
509  064550   1.15         0.96
510  170790   1.16         0.99
511  095270   1.16         0.97
512  032820   1.16         0.96
513  900280   1.16         0.97
514  900300   1.16         0.95
515  009310   1.16         0.96
516  001210   1.16         0.95
517  049950   1.16         0.99
518  080420   1.16         0.95
519  225430   1.16         0.95
520  150900   1.16         0.96
521  208640   1.16         0.97
522  339770   1.17         0.97
523  058400   1.17         0.98
524  028300   1.17         0.97
525  080530   1.17         0.95
526  035900   1.17         0.96
527  267320   1.17         0.99
528  054450   1.17         0.99
529  290510   1.17         0.96
530  102460   1.17         0.96
531  091120   1.17         0.98
532  257370   1.17         0.96
533  029480   1.17         0.95
534  246690   1.17         0.96
535  000640   1.17         0.98
536  277880   1.17         0.98
537  013810   1.18         0.99
538  276240   1.18         0.99
539  048260   1.18         0.99
540  286000   1.18         0.97
541  023440   1.18         0.95
542  281310   1.18         0.99
543  238170   1.18         0.96
544  219130   1.18         0.96
545  179530   1.18         0.97
546  299670   1.18         0.98
547  096690   1.19         0.99
548  091810   1.19         0.96
549  037400   1.19         0.95
550  052420   1.19         0.98
551  217330   1.19         0.95
552  053060   1.19         0.96
553  277070   1.19         0.95
554  032980   1.19         0.95
555  089530   1.19         0.97
556  123010   1.19         0.97
557  006380   1.19         0.99
558  335890   1.20         0.98
559  900250   1.20         0.97
560  145210   1.20         0.99
561  211050   1.20         0.99
562  215380   1.20         0.98
563  039490   1.20         0.96
564  005950   1.20         0.98
565  228760   1.20         0.95
566  024940   1.20         0.95
567  265740   1.20         0.96
568  178600   1.20         0.98
569  014940   1.20         0.96
570  166480   1.20         0.98
571  285130   1.21         0.97
572  039200   1.21         0.95
573  057030   1.22         0.95
574  226330   1.22         0.98
575  178780   1.22         0.95
576  267810   1.22         0.99
577  044180   1.22         0.95
578  012280   1.22         0.98
579  052300   1.22         0.96
580  256940   1.23         0.99
581  002800   1.23         0.95
582  233990   1.23         0.96
583  058630   1.24         0.95
584  233250   1.24         0.96
585  245620   1.24         0.95
586  317860   1.25         0.98
587  019210   1.25         0.98
588  202960   1.26         0.97
589  103230   1.26         0.95
590  249420   1.26         0.97
591  109960   1.26         0.98
592  007460   1.27         0.97
593  039130   1.27         0.98
594  066590   1.27         0.99
595  197140   1.28         0.97
596  242350   1.28         0.96
597  088790   1.28         0.95
598  244920   1.28         0.95
599  052790   1.29         0.96
600  053280   1.29         0.98
601  290690   1.29         0.95
602  080160   1.29         0.99
603  084440   1.30         0.95
604  299480   1.30         0.96
605  115610   1.30         0.98
606  348350   1.30         0.95
607  024850   1.30         0.96
608  199820   1.31         0.95
609  121800   1.31         0.97
610  088290   1.31         0.95
611  090850   1.32         0.97
612  043710   1.32         0.99
613  056090   1.33         0.95
614  214310   1.33         0.99
615  227420   1.33         0.96
616  011230   1.35         0.95
617  176750   1.35         0.95
618  347000   1.36         0.96
619  000040   1.36         0.98
620  033310   1.36         0.96
621  038340   1.36         0.98
622  106520   1.36         0.99
623  030790   1.37         0.95
624  223220   1.37         0.98
625  092590   1.37         0.98
626  208850   1.37         0.98
627  065150   1.39         0.96
628  184230   1.42         0.97
629  210120   1.44         0.99
630  000370   1.48         0.99
631  058420   1.49         0.95
632  340570   1.49         0.95
633  094850   1.51         0.96
634  185190   1.59         0.97
635  019170   1.61         0.96
636  019770   1.74         0.95
637  082850   1.79         0.98
