       code ratio_end_deg  ratio_min min_month cur_price  mean_vol
0    003620            85       1.00      2770      2770   1323611
1    065570            90       1.07      7090      7600    247433
2    206950            90       1.03      4065      4190      1402
3    208890            90       1.00      1700      1700       111
4    224020            95       1.43       490       700       174
5    140660            95       1.37      1020      1400       127
6    011040            95       1.16      9950     11550    991466
7    101400            95       1.04       870       902    254383
8    103590            95       1.02      3085      3160    291399
9    014440            95       1.01      3620      3640     73560
10   123570            95       1.00      4030      4030     30076
11   020560            95       1.00      4210      4210  17629787
12   054220           100       1.53      3875      5930         0
13   093510           100       1.32       714       944     10033
14   270210           100       1.16      6770      7870        92
15   284610           100       1.14      2845      3240      9634
16   318010           100       1.04     10500     10950     41033
17   257370           100       1.02      9070      9210    148975
18   152550           100       1.01      1625      1635     43488
19   196450           100       1.00       411       411         0
20   028040           100       1.00       279       279         0
21   049180           100       1.00      5980      5980         0
22   065420           100       1.00       639       639         0
23   070300           100       1.00      4810      4810         0
24   087730           100       1.00      2720      2720         0
25   353810           100       1.00     30900     31000    160932
26   050540           100       1.00       282       282         0
27   102210           100       1.00      1100      1100         0
28   120780           100       1.00      5010      5010         0
29   309900           100       1.00      1950      1950         0
30   109070           100       1.00      4100      4100         0
31   003280           100       1.00       258       258         0
32   223310           100       1.00      3320      3320         0
33   033600           100       1.00       179       179         0
34   060300           100       1.00      1830      1830         0
35   014100           100       1.00      4195      4195         0
36   215600           100       1.00     12100     12100         0
37   050320           100       1.00       990       990         0
38   052770           100       1.00      4460      4460         0
39   080440           100       1.00       498       498         0
40   138360           100       1.00      4480      4480         0
41   340360           100       1.00      1995      1995         0
42   052190           100       1.00       295       295         0
43   083470           100       1.00      1585      1585         0
44   114570           100       1.00       620       620         0
45   033110           100       1.00       204       204         0
46   043590           100       1.00      1490      1490         0
47   291210           100       1.00      2035      2045     12338
48   053660           100       1.00       400       400         0
49   329050           100       1.00      3330      3330         0
50   217320           100       1.00     10600     10600         0
51   012170           100       1.00      1485      1485         0
52   079190           100       1.00      2780      2780         0
53   036670           100       1.00      9890      9890     63328
54   900100           100       1.00       717       717         0
55   043100           100       1.00       392       392         0
56   058530           100       1.00       162       162         0
57   159910           100       1.00       263       263         0
58   039230           100       1.00       181       181         0
59   073070           100       1.00       407       407         0
60   180400           100       1.00      7740      7740         0
61   038160           100       1.00       862       862         0
62   039670           100       1.00      3680      3680         0
63   199290           100       1.00      2930      2930         0
64   251960           100       1.00      2855      2855         0
65   002420           100       1.00     61600     61600         0
66   021820           100       1.00      8090      8090         0
67   007630           100       1.00      1225      1225         0
68   307070           100       1.00      2015      2015         0
69   035290           100       1.00     11750     11750         0
70   033430           100       1.00       370       370         0
71   900080           100       1.00       197       197         0
72   176440           100       1.00      1920      1920         0
73   056730           100       1.00      1550      1550         0
74   106080           100       1.00      3330      3330         0
75   069540           100       1.00      5420      5420         0
76   333430           100       1.00      2050      2050         0
77   263920           100       1.00      4555      4555         0
78   263540           100       1.00      2015      2015         0
79   024830           100       1.00      6280      6280         0
80   033790           100       1.00       829       829         0
81   121890           100       1.00       739       739         0
82   069330           100       1.00      1055      1055         0
83   160600           100       1.00       310       310         0
84   241510           100       1.00      4600      4600         0
85   011690           100       1.00      1220      1220         0
86   114190           100       1.00      2500      2500         0
87   066790           100       1.00       846       846         0
88   115530           100       1.00       839       839         0
89   058220           100       1.00       275       275         0
90   036180           100       1.00      1205      1205         0
91   032790           100       1.00      4075      4075         0
92   234070           100       1.00     17600     17600         0
93   010580           100       1.00       306       306         0
94   168330           100       1.00      2525      2525         0
95   158310           100       1.00       505       505         0
96   226350           100       1.00       214       214         0
97   086250           100       1.00      1405      1405         0
98   058450           100       1.00       685       685         0
99   009730           100       1.00       905       905         0
100  141020           100       1.00       108       108         0
101  900290           100       1.00       951       951         0
102  064520           100       1.00      1005      1005         0
103  036260           100       1.00      2220      2220         0
104  111820           100       1.00      2465      2465         0
105  950160           100       1.00      8010      8010         0
106  195440           100       1.00      2075      2075         0
107  066110           100       1.00       480       480         0
108  008800           100       1.00      1770      1770         0
109  224880           100       1.00      2965      2965         0
