      code ratio_end_deg  ratio_min min_month cur_price   mean_vol
0   064850            70       1.01      8300      8420     390953
1   109610            80       1.20      3910      4705   15581095
2   215380            80       1.03      9020      9260    3902309
3   078590            80       1.02      3880      3960    1894350
4   067010            85       1.74      4615      8050    8659953
5   004410            85       1.58       156       246  132867356
6   082850            85       1.28      4775      6130   14940774
7   014130            85       1.28      5600      7160    3955279
8   121800            85       1.14      7020      7970    7660117
9   038460            90       1.09      7470      8120    1242713
10  005360            90       1.05      5140      5420     745534
11  078860            90       1.03      1560      1600    2460628
12  009310            90       1.02      1345      1370     671863
13  265740            90       1.02     12650     12900    1270734
14  021080            90       1.01      2445      2475    7561231
15  018620            90       1.01      2735      2770     840918
16  122640            90       1.00      8380      8380     191251
17  000370            95       1.26      2950      3705    3359000
18  041920            95       1.15     13900     15950     530104
19  185490            95       1.04     11450     11900     861422
20  016100            95       1.04      3530      3655      58075
21  101400            95       1.04       865       902     253801
22  096630            95       1.03      1790      1850    1468043
23  053590            95       1.03      1075      1110    2917728
24  050120            95       1.02       551       561    1995374
25  050760            95       1.02      5460      5560     393174
26  025870            95       1.01      8300      8400      83844
27  241710            95       1.01     11900     12000      83000
28  004440            95       1.00      9120      9160      45612
29  258610            95       1.00      9290      9330     406445
30  138070           100       1.03      4490      4640      13318
